Matrix-A
18 67 77 34 38  27 35  69 50 10
58  5 48 18 45  90 21  51 88 84
30 60 86 14 75  84  5  13 66 85
66 26 21 18 76   3 68   0 90 78
 1 24 95 70 81   2 90  43 73 30
64 60 83 89 13  11 95 100 66 62
 1 85 17 38 75   2 47  75 43 72
51 13 95 12 63  75 98  61 70 78
53 53 49 16 63   6 73  73 65 58
80  9 94 38 88 100 48  44 61 19
Matrix-B
58 55 35 91 62 25 33  0 65  67
81 92 67 37 22 35 76 13 55  14
63 97 51 28  9 34 20  6 75  63
92 33 35 75 33 90 67  7 34   2
92 35 41  7 52 14 59 87 16  26
11 99  3 86 47 62 65 53 32  38
49 90 44 76 50 57 36 58 64  14
19 48 11 43 97 94 91 46 66 100
67 20 74 34 57 74 51 41 93  34
10 46 82 37 19 67 55 44  6  67
Solution
24719 27670 18694 19108 19133 23530 24140 14002 24762 18837
22313 29347 22443 26101 23911 29218 27470 20032 25255 25620
26894 33219 25490 22485 19152 25378 27497 19705 23890 22747
26080 23118 24926 20810 19552 21906 21787 18427 22409 17473
32319 29825 24560 21909 21463 28237 25882 20036 27817 18762
34903 39094 29422 34138 29555 39249 35073 19159 36461 29019
25761 25603 22987 18182 20777 25907 28604 19211 20960 18874
29152 39978 27288 30910 27789 33298 30906 25071 32247 29174
27687 29913 24647 23356 24517 27259 27712 19703 27662 23696
31448 37106 22103 30628 27040 29022 29330 22048 30408 25991